16.20
20.10
22.20
50.00
15.40
16.20
25.20
10.50
30.10
50.00
13.60
20.80
17.50
7.20
26.60
46.00
20.60
24.50
24.40
16.50
12.00
22.40
22.80
9.60
27.00
11.70
21.40
21.70
24.40
20.50
21.40
20.00
18.70
22.80
21.70
30.70
18.50
22.70
8.80
21.40
13.50
19.60
29.90
17.50
24.20
22.60
24.10
17.20
15.00
18.60
16.60
31.60
21.70
8.30
13.90
21.20
19.10
23.70
50.00
32.00
24.00
11.80
25.00
15.20
23.10
19.30
20.60
28.70
33.40
15.00
50.00
22.20
13.80
33.30
22.90
20.90
26.60
23.30
22.30
17.60
19.90
29.00
20.00
36.20
23.10
18.40
14.90
20.00
8.70
22.40
17.70
33.40
28.40
28.00
18.90
23.80
25.00
14.60
31.20
19.60
23.70
14.60
13.30
16.50
14.40
24.80
27.50
19.40
23.90
16.10
11.90
19.00
45.40
21.70
10.90
7.00
17.10
19.50
22.00
19.20
18.80
17.40
25.10
22.70
16.60
19.30
19.90
19.10
11.70
19.60
15.00
48.30
20.50
19.90
34.90
20.90
13.10
13.80
21.50
30.10
34.70
17.80
14.90
23.20
20.40
8.50
34.60
16.70
10.40
19.40
23.10
15.60
24.30
25.00
20.10
19.20
24.50
39.80
19.40
23.10
35.20
30.10
18.60
24.10
21.20
18.20
20.20
22.60
14.10
25.00
14.10
21.10
21.80
24.40
37.90
50.00
21.10
19.30
19.60
35.10
18.70
31.60
21.90
23.40
21.60
19.80
18.40
17.50
12.80
13.40
32.40
36.40
43.10
22.90
21.50
19.30
35.40
28.20
37.00
33.10
15.60
7.40
19.40
17.80
13.40
24.00
21.00
23.90
17.80
22.90
24.30
26.50
7.50
13.80
18.40
37.20
19.00
14.40
13.10
15.60
20.80
19.80
12.70
17.20
25.00
41.70
23.10
29.60
23.00
7.20
19.50
17.10
12.50
27.50
22.90
15.30
36.10
26.40
33.20
23.60
50.00
16.10
26.70
20.70
15.10
16.70
36.00
23.10
18.80
31.10
26.60
20.70
21.70
18.90
22.60
14.80
28.10
30.30
13.30
22.00
36.20
29.40
23.90
20.40
18.90
32.20
23.50
19.70
10.20
13.60
13.40
23.00
32.90
23.30
48.50
18.10
20.20
12.60
20.80
22.20
22.50
27.90
21.70
20.00
13.20
44.00
22.10
23.20
24.70
27.90
23.70
12.70
17.80
23.30
22.30
33.20
42.30
8.10
17.90
29.60
25.00
14.50
6.30
20.40
31.00
19.90
15.20
29.80
21.40
21.90
24.80
10.20
50.00
13.10
24.50
10.80
10.50
28.40
23.00
21.00
23.40
17.00
43.50
27.50
13.90
8.80
22.60
11.00
20.10
22.00
22.20
24.10
29.10
18.00
14.30
12.30
19.80
36.50
24.80
23.60
17.40
19.50
20.60
23.30
16.00
20.10
34.90
15.70
13.30
20.30
21.20
32.00
12.70
27.50
15.40
24.60
21.90
10.40
23.10
22.00
14.10
13.40
8.40
23.80
20.40
29.80
50.00
21.70
22.20
9.70
11.90
13.80
27.10
26.40
9.50
46.70
22.50
34.90
24.60
24.70
